967790112989 
967790113000 
967790113664 
967790113804 
967790114519 
967790114584 
967790113870 
967790113832 
967790114461 
967790112906 
967790119843 
967790112421 
967790113879 
967790112951 
967790113784 
967790112808 
967790112805 
967790113022 
967790113675 
967790114574 
967790112702 
967790112841 
967790113607 
967790113946 
967790113662 
967790113021 
967790113679 
967790112804 
967790112821 
967790114557 
967790113833 
967790114518 
967790113670 
967790113645 
967790112984 
967790112945 
967790113580 
967790112839 
967790112997 
967790112941 
967790112812 
967790113639 
967790119844 
967790113694 
967790114582 
967790114598 
967790113589 
967790112974 
967790113663 
967790113660 
967790113695 
967790115226 
967790112909 
967790112793 
967790119836 
967790112815 
967790112788 
967790112827 
967790114595 
967790114583 
967790112933 
967790112796 
967790113698 
967790113008 
967790112835 
967790112789 
967790112792 
967790112940 
967790113010 
967790112937 
967790112671 
967790112985 
967790113896 
967790112791 
967790112824 
967790112938 
967790113648 
967790112907 
967790113638 
967790118031 
967790112766 
967790112991 
967790113688 
967790113572 
967790112829 
967790114460 
967790113632 
967790112990 
967790112834 
967790113678 
967790112786 
967790112823 
967790113646 
967790112787 
967790112953 
967790112943 
967790113672 
967790112810 
967790112982 
967790112798 
967790119997 
967790119990 
967790120003 
967790119948 
967790119995 
967790119958 
967790119943 
967790119932 
967790120458 
967790118894 
967790119993 
967790120480 
967790119922 
967790120455 
967790119988 
967790119996 
967790119955 
967790120460 
967790120454 
967790120462 
967790119985 
967790120016 
967790119938 
967790120007 
967790120008 
967790119951 
967790120481 
967790120006 
967790120475 
967790119921 
967790120015 
967790119798 
967790120005 
967790119946 
967790119933 
967790119794 
967790119969 
967790119917 
967790119945 
967790119919 
967790120463 
967790119952 
967790120472 
967790119960 
967790119991 
967790120459 
967790119923 
967790120009 
967790120474 
967790120098 
967790119992 
967790119927 
967790118909 
967790118731 
967790119994 
967790120004 
967790120012 
967790200048 
967790200362 
967790112848 
967790113682 
967790114605 
967790112832 
967790112816 
967790113690 
967790113677 
967790114589 
967790113575 
967790113863 
967790114602 
967790113659 
967790112836 
967790113700 
967790112809 
967790114608 
967790113655 
967790113699 
967790112795 
967790112975 
967790113586 
967790114578 
967790112980 
967790113014 
967790112996 
967790114462 
967790113007 
967790113656 
967790112817 
967790120469 
967790113013 
967790113611 
967790114465 
967790112806 
967790112819 
967790113023 
967790113671 
967790119789 
967790113576 
967790113019 
967790113667 
967790112846 
967790112799 
967790113876 
967790118921 
967790119142 
967790120112 
967790120103 
967790120115 
967790120152 
967790120070 
967790116936 
967790120166 
967790118893 
967790118935 
967790120053 
967790116960 
967790117414 
967790116931 
967790120129 
967790120079 
967790118901 
967790113685 
967790114593 
967790113875 
967790113902 
967790114487 
967790112811 
967790113606 
967790120025 
967790119129 
967790119269 
967790120110 
967790120028 
967790119148 
967790120189 
967790117670 
967790119100 
967790118989 
967790118983 
967790118854 
967790118915 
967790118971 
967790118923 
967790119003 
967790119224 
967790108469 
967790117803 
967790118914 
967790119901 
967790119171 
967790119908 
967790115658 
967790118435 
967790118948 
967790115632 
967790119116 
967790119080 
967790114577 
967790118982 
967790119913 
967790119892 
967790115643 
967790115679 
967790115655 
967790119251 
967790119748 
967790118930 
967790118738 
967790119752 
967790120050 
967790120096 
967790119252 
967790119240 
967790120018 
967790118929 
967790119166 
967790118906 
967790118934 
967790119896 
967790119095 
967790119891 
967790108756 
967790120059 
967790120062 
967790119742 
967790120138 
967790119151 
967790118895 
967790120190 
967790119079 
967790120130 
967790119894 
967790119736 
967790119731 
967790119899 
967790119738 
967790120026 
967790120137 
967790119161 
967790119756 
967790119737 
967790120064 
967790118908 
967790120135 
967790119735 
967790120045 
967790115656 
967790120109 
967790120048 
967790119741 
967790120101 
967790120142 
967790119888 
967790119905 
967790119740 
967790120049 
967790120047 
967790119898 
967790119882 
967790119750 
967790112847 
967790113654 
967790118985 
967790112874 
967790120031 
967790120066 
967790120091 
967790119143 
967790120125 
967790119885 
967790119895 
967790120056 
967790119900 
967790118782 
967790119915 
967790120037 
967790119053 
967790112831 
967790119904 
967790120057 
967790114572 
967790115900 
967790118299 
967790116958 
967790119536 
967790114627 
967790117013 
967790119683 
967790120295 
967790116940 
967790119575 
967790120293 
967790119556 
967790119529 
967790120279 
967790120300 
967790119533 
967790120275 
967790120305 
967790120273 
967790120290 
967790119526 
967790119724 
967790119694 
967790119548 
967790120299 
967790114626 
967790116387 
967790114614 
967790116891 
967790116975 
967790111863 
967790116930 
967790117413 
967790116978 
967790118685 
967790117377 
967790116947 
967790116980 
967790113857 
967790120065 
967790120060 
967790120093 
967790119215 
967790118937 
967790119747 
967790120035 
967790120054 
967790120017 
967790120063 
967790118950 
967790120106 
967790120094 
967790117863 
967790119128 
967790120099 
967790118004 
967790120118 
967790120046 
967790112998 
967790113686 
967790113001 
967790114585 
967790114601 
967790113897 
967790112840 
967790120052 
967790120051 
967790118890 
967790120042 
967790120032 
967790114481 
967790117381 
967790116909 
967790117407 
967790116900 
967790116959 
967790116937 
967790116916 
967790117418 
967790116884 
967790116885 
967790116903 
967790116898 
967790117006 
967790116894 
967790116920 
967790118698 
967790117411 
967790117016 
967790117415 
967790116919 
967790116896 
967790114622 
967790117014 
967790116963 
967790120036 
967790116905 
967790113570 
967790112825 
967790118664 
967790113581 
967790117390 
967790117420 
967790116961 
967790116974 
967790116966 
967790118669 
967790118649 
967790118651 
967790118659 
967790116918 
967790112999 
967790118951 
967790112818 
967790120039 
967790119753 
967790113620 
967790113687 
967790114463 
967790113666 
967790113583 
967790065092 
967790114474 
967790112843 
967790113680 
967790113701 
967790112785 
967790113603 
967790114570 
967790113900 
967790113696 
967790113705 
967790119911 
967790113661 
967790113665 
967790119140 
967790113006 
967790113681 
967790114592 
967790112426 
967790113703 
967790114600 
967790114459 
967790113647 
967790119906 
967790113868 
967790113011 
967790113835 
967790112790 
967790118054 
967790113901 
967790113848 
967790113899 
967790113704 
967790112800 
967790114599 
967790114576 
967790113882 
967790114479 
967790113634 
967790113693 
967790116766 
967790114573 
967790113684 
967790112814 
967790113018 
967790119739 
967790113574 
967790113669 
967790119745 
967790119751 
967790112826 
967790114603 
967790113582 
967790115659 
967790119887 
967790112807 
967790119883 
967790119804 
967790119926 
967790119795 
967790119806 
967790119819 
967790200713 
967790200526 
967790120476 
967790117572 
967790120010 
967790119791 
967790112735 
967790119818 
967790119984 
967790113271 
967790119959 
967790113676 
967790120456 
967790119801 
967790119803 
967790118933 
967790200501 
967790119939 
967790113202 
967790119931 
967790120486 
967790119940 
967790114544 
967790120487 
967790119816 
